[9981, '01/02/2024', 5, 1, 4300]
[9982, '01/02/2024', 4, 1, 4010]
[9983, '02/02/2024', 6, 1, 4020]
[9984, '02/02/2024', 4, 1, 4010]
[9985, '15/03/2024', 7, 1, 4010]
[9986, '18/04/2024', 4, 1, 4010]
[9987, '21/04/2024', 4, 1, 40020]
[9988, '10/04/2024', 8, 1, 5111]
[9989, '10/05/2024', 8, 1, 566]
[9990, '10/05/2024', 9, 1, 555]
[9991, '10/05/2024', 10, 5, 5700]
[9992, '01/05/2024', 4, 1, 4010]
[9993, '02/05/2024', 1, 1, 4020]
[9995, '10/05/2024', 2, 1, 4020]
[9996, '12/05/2024', 3, 1, 4003]
[9997, '15/05/2024', 1, 1, 4030]
[9998, '18/05/2024', 2, 1, 4800]
[9999, '21/05/2024', 2, 1, 4300]
[10000, '10/06/2024', 1, 1, 500]
[10001, '10/06/2024', 1, 1, 500]
[10002, '10/06/2024', 1, 1, 500]
[10003, '10/06/2024', 10, 5, 5700]
[10004, '14/06/2024', 1, 1, 905]
[10005, '14/06/2024', 7, 1, 1000]
[10006, '14/06/2024', 7, 1, 950]
